1719183 3296139 1986216 2475755 1712997 1938075 1753397 2272114 2244073 1998387 
1734733 3299347 2211780 2844455 2191398 2711801 1853079 2627174 2913324 3044947 
1905273 3694257 2967054 3341273 2341296 2699561 1779498 2620437 2826342 3211887 
1725136 3190535 2531827 2813294 2072813 2283453 1534739 2182717 2616737 2748542 
1221802 3079454 2217312 1940295 1827903 1501031 1422282 1765596 2428058 2060659 
1945759 4074320 3356639 3527180 2643316 2655567 1713822 2452236 3027680 3455710 
1952644 3544347 2790763 2996352 2591822 2477338 1729406 2533737 2956882 3092575 
1469212 2741317 1969686 2319918 1741816 2450251 1693378 2506108 2341712 2229829 
1153339 3065652 2280983 2605087 1624700 1507883 1269171 1527905 1851233 2312941 
1898710 4356425 3162258 3637226 2665114 3083557 2203487 2878307 3777235 3950162 
