57 874 894 223 819 420 806 920 532 550 502 876 18 812 904 422 26 964 865 55 138 300 720 283 949 212 931 73 585 111 641 522 846 861 861 900 979 206 671 329 163 971 469 483 465 370 596 477 92 926 336 668 66 658 456 790 701 305 433 291 281 789 400 806 309 729 447 634 801 271 653 242 783 226 6 111 584 425 746 513 866 266 920 94 630 777 883 751 11 679 36 199 837 583 824 912 10 518 610 8
727 935 301 148 412 98 9 721 86 946 329 959 469 152 703 819 747 4 328 18 489 446 440 609 362 489 600 880 85 968 156 686 903 213 564 351 991 287 808 194 469 924 727 550 8 919 10 420 577 66 939 397 782 76 25 530 223 334 634 561 230 413 226 103 223 465 632 854 627 259 552 294 931 393 231 977 491 914 340 916 638 672 840 115 456 93 137 407 310 437 778 837 139 403 769 787 710 13 994 732
287 539 318 655 317 393 264 426 928 124 737 70 42 97 123 649 395 456 631 375 304 847 384 865 655 416 655 137 376 698 990 825 265 281 645 162 301 111 823 614 74 278 602 504 744 967 680 369 839 434 519 151 869 35 851 667 635 288 270 50 342 972 582 401 726 509 69 402 944 16 759 52 950 21 142 407 381 154 577 393 810 458 323 492 600 907 934 234 565 241 332 623 146 389 313 452 594 366 990 363
427 881 945 934 704 947 549 651 870 435 824 664 615 112 341 669 282 172 924 15 438 857 676 369 966 875 981 184 826 249 194 931 338 720 54 414 74 714 832 994 909 831 228 229 793 336 342 388 309 579 354 660 929 522 831 166 733 658 673 651 524 278 683 551 501 970 897 373 129 442 125 493 525 352 124 924 871 935 787 571 423 914 689 917 938 987 307 891 364 232 345 263 567 554 617 699 810 953 746 708
684 494 19 743 794 507 343 160 441 642 403 705 674 697 77 516 953 689 593 760 219 785 710 682 91 720 662 379 5 530 95 975 65 770 508 120 708 583 46 430 636 157 685 809 671 730 720 50 675 572 581 754 739 305 24 50 156 905 298 539 169 607 442 959 336 359 300 888 148 275 586 493 13 225 990 449 771 954 337 184 672 138 479 988 618 288 376 695 509 27 364 701 851 170 257 997 473 228 612 2
38 234 198 333 883 107 842 169 43 728 895 643 871 197 888 703 950 628 163 194 404 653 615 633 40 193 280 318 351 238 738 10 343 206 11 558 496 926 961 640 195 178 648 102 810 996 291 859 696 923 192 463 874 327 227 897 163 258 272 495 824 729 711 787 408 33 232 385 13 970 471 510 3 553 43 240 256 75 852 943 625 148 775 683 645 54 542 746 536 283 330 277 567 883 995 115 696 399 696 75
798 149 190 303 915 0 437 471 996 309 44 322 61 636 963 579 826 688 49 781 33 600 704 112 28 891 717 653 832 875 449 128 334 104 158 104 0 580 814 451 77 145 717 313 526 38 988 286 691 49 168 511 358 796 422 960 9 980 547 829 514 749 633 894 656 500 614 551 855 780 418 532 513 877 423 623 24 262 863 982 139 253 464 591 200 417 878 805 878 580 189 163 259 894 896 913 526 775 765 707
183 259 867 269 327 117 450 242 41 486 496 820 100 940 89 214 773 424 33 881 581 614 843 598 596 274 230 89 764 847 791 569 171 600 825 612 791 926 406 4 161 437 781 782 1 330 488 228 840 877 630 176 144 382 962 313 12 433 539 529 765 897 91 115 58 559 418 6 700 937 108 73 405 622 534 607 585 555 977 507 164 100 700 922 270 80 277 306 807 295 990 360 961 752 56 172 608 935 147 938
168 505 367 750 484 693 829 367 342 743 752 488 923 759 942 550 648 195 215 213 19 88 184 859 678 831 696 74 239 842 834 526 400 555 549 961 682 714 292 549 803 154 993 572 539 753 135 916 163 809 669 258 942 419 459 876 854 178 393 854 303 745 716 738 622 461 894 978 946 504 957 246 940 231 179 502 149 275 581 16 396 607 597 670 607 124 929 86 969 642 615 784 352 190 240 807 401 640 199 993
25 394 799 781 289 452 114 251 973 943 838 360 861 246 138 578 419 36 746 739 890 941 156 582 94 610 209 605 29 112 919 760 766 27 12 399 142 662 301 134 859 590 152 308 313 668 94 205 207 114 295 282 564 499 927 237 731 344 665 746 944 285 345 848 595 213 771 740 960 284 124 309 102 620 792 374 721 514 820 153 516 348 454 229 38 45 699 812 502 789 253 747 412 661 318 429 801 957 41 870
621 517 555 758 360 638 356 359 240 618 860 61 807 326 329 516 611 101 731 934 881 620 291 338 697 242 507 950 229 990 461 911 40 490 116 900 745 359 380 158 993 759 747 180 294 68 135 749 159 957 767 316 367 425 522 483 959 67 428 581 907 942 33 99 235 154 241 864 534 436 790 572 489 231 747 437 158 698 447 486 885 380 402 510 25 862 806 379 436 311 378 403 627 244 560 241 120 689 830 384
591 951 539 591 647 40 554 823 892 899 791 432 539 570 624 695 184 282 257 133 913 790 796 809 125 671 775 416 209 989 554 377 446 15 151 723 655 842 260 474 398 636 741 610 678 746 889 364 528 587 682 27 224 14 508 292 337 184 1 749 732 579 848 514 127 728 318 139 418 629 455 397 671 61 217 587 961 938 709 623 133 616 620 478 625 335 801 209 991 661 588 237 659 958 764 823 277 715 806 240
950 896 605 597 651 947 235 458 554 277 333 515 351 575 277 933 969 168 322 833 344 123 353 980 300 986 830 497 178 39 62 151 534 528 294 740 275 77 773 31 86 225 842 191 751 619 274 218 683 780 718 912 570 292 80 724 597 36 21 763 725 580 456 673 838 368 331 626 530 528 34 876 792 795 231 393 666 436 46 524 85 211 680 526 671 444 237 798 319 2 821 544 401 881 125 325 563 44 833 649
46 66 602 466 737 778 465 294 148 548 359 997 619 776 700 366 191 54 10 346 104 768 469 20 632 807 333 996 618 335 966 70 285 409 349 247 495 511 957 6 365 129 772 516 595 254 724 261 884 334 104 828 303 676 951 421 213 328 887 304 969 152 639 679 514 87 796 53 307 561 623 849 471 844 711 278 905 922 673 857 979 571 558 808 484 664 42 800 665 34 156 131 465 393 681 68 139 153 685 505
430 335 477 567 498 670 694 403 333 345 996 151 490 391 240 842 688 483 775 653 702 570 680 687 141 661 486 521 113 214 209 771 712 40 413 400 722 92 255 740 307 355 796 892 823 51 307 895 335 105 490 609 837 544 677 259 896 737 295 30 289 598 56 787 433 747 342 211 667 350 941 183 389 225 395 853 228 441 948 597 677 943 546 753 160 854 158 40 379 840 384 515 0 599 150 525 746 409 521 171
783 260 485 295 570 623 606 809 29 826 149 630 834 211 221 806 858 357 458 918 467 23 302 993 64 143 247 257 615 341 929 655 520 871 332 221 538 688 902 459 763 376 859 948 391 293 36 838 332 679 758 842 779 476 571 427 459 945 304 8 489 812 587 146 292 560 893 342 838 991 472 941 582 629 197 830 77 843 163 116 391 910 163 26 41 865 855 207 872 649 17 949 720 783 665 392 67 113 95 524
268 859 379 639 655 610 713 479 831 200 928 678 777 605 459 482 436 619 210 693 851 748 892 206 690 262 830 877 504 738 864 898 994 917 538 113 278 988 376 430 790 76 380 381 929 840 878 583 410 904 344 383 212 343 767 42 739 674 70 7 539 332 276 614 753 243 760 39 729 406 674 968 774 452 220 362 118 344 666 119 398 128 784 623 402 358 814 638 2 873 116 406 870 798 705 396 47 279 476 693
40 896 595 920 224 387 991 898 937 772 722 310 815 24 909 869 395 912 349 69 334 508 533 299 465 419 601 197 262 411 161 280 491 843 637 726 921 651 876 40 99 805 570 768 944 478 338 878 158 364 130 352 343 656 786 173 126 437 712 515 871 114 272 80 598 380 137 14 244 840 531 800 79 64 891 567 868 675 119 865 561 2 924 783 844 716 518 207 953 865 344 180 629 924 825 158 615 531 517 665
832 525 78 89 969 720 108 720 646 991 446 377 316 270 574 650 901 90 409 715 29 701 18 192 958 391 571 237 261 209 38 886 845 761 465 262 227 744 507 486 171 495 518 946 978 56 544 157 417 18 367 978 817 174 331 480 502 240 64 231 895 626 435 845 662 915 454 472 684 198 216 409 518 498 157 568 415 980 170 425 438 451 966 845 800 418 465 942 662 392 533 577 300 540 754 852 295 337 340 454
175 982 438 642 287 777 77 457 583 736 267 54 620 122 31 205 865 655 767 889 840 63 768 371 4 122 810 701 814 820 887 10 258 528 476 42 870 850 68 810 83 39 623 941 821 359 631 276 853 326 162 70 292 150 39 778 324 207 15 950 704 780 43 370 689 87 92 186 965 993 383 235 167 134 793 553 690 26 275 113 833 845 817 41 435 655 892 833 403 89 499 803 266 974 703 102 747 281 707 377
834 127 106 611 167 124 864 809 735 160 618 162 625 796 958 899 808 500 582 929 581 784 243 440 574 322 721 23 176 954 447 996 56 314 448 366 290 716 253 711 959 313 568 889 995 955 702 789 880 64 386 551 357 423 281 418 573 359 701 387 321 721 258 40 751 716 875 925 854 520 562 247 898 529 153 482 947 354 115 562 21 451 302 294 872 731 872 616 987 440 47 69 662 81 541 73 684 756 927 143
840 936 518 44 132 992 585 103 49 184 968 711 511 130 42 129 824 928 987 810 866 165 786 674 917 420 239 510 391 518 76 733 472 662 27 42 255 741 687 567 262 470 94 721 255 889 577 872 822 443 819 537 117 548 854 858 970 374 228 861 355 773 653 544 195 707 713 502 963 624 962 972 420 311 577 790 524 79 261 256 848 169 760 996 457 600 304 865 343 748 787 325 588 689 622 247 264 880 784 577
122 260 206 976 334 613 463 649 361 136 154 538 169 879 548 334 30 350 104 725 223 201 855 595 203 579 600 675 199 591 550 970 32 870 106 411 649 206 365 25 365 497 197 883 590 506 766 507 1 445 823 399 273 987 948 614 773 381 770 222 150 531 259 137 248 446 327 3 544 586 800 717 534 554 133 610 532 492 293 454 73 17 465 362 716 263 252 10 224 575 51 22 588 324 415 314 254 220 808 818
904 943 206 335 691 20 249 241 992 366 316 944 697 694 383 65 833 859 340 937 603 448 112 574 605 307 356 791 628 562 842 785 927 73 622 949 710 427 38 840 42 3 801 124 791 594 566 779 366 597 580 812 478 603 535 406 322 620 773 894 272 6 629 650 43 592 434 158 50 294 956 556 298 690 754 246 159 240 520 225 598 1 8 265 502 556 436 794 84 917 530 606 673 988 637 199 102 907 788 409
366 28 840 218 609 389 713 85 565 680 653 175 548 84 365 599 293 448 770 547 945 963 300 152 524 419 234 134 327 501 924 672 753 386 57 849 200 790 71 68 841 106 95 472 897 852 503 782 116 264 237 540 348 910 135 136 237 598 946 702 418 456 932 833 875 29 156 411 272 486 222 207 118 694 998 359 438 885 553 564 639 886 937 735 473 911 579 305 155 856 523 919 805 119 95 654 377 509 196 263
657 903 642 360 248 224 340 276 154 113 516 552 647 292 783 318 56 998 566 889 678 743 276 487 782 866 423 902 95 615 889 560 53 475 885 104 683 156 67 258 388 514 331 773 991 982 285 750 726 894 123 501 658 464 87 887 963 746 474 851 240 763 178 210 120 165 56 939 967 40 270 938 73 606 329 373 977 478 117 802 134 559 360 264 803 815 527 335 682 789 580 182 915 803 384 587 12 349 952 721
915 991 193 247 305 483 819 340 694 212 383 699 677 251 838 445 351 434 714 744 875 103 678 933 159 457 938 902 482 895 134 413 346 924 747 613 142 369 248 679 141 962 72 218 696 990 106 417 882 879 608 564 437 992 178 855 860 869 82 965 187 97 738 784 703 673 657 947 441 231 883 771 859 831 988 320 595 120 396 994 196 921 799 273 546 320 62 800 35 267 738 293 659 711 730 887 169 28 377 509
417 970 393 159 515 814 344 26 919 648 206 949 178 206 890 134 575 114 768 418 83 808 450 703 52 398 967 190 545 695 211 238 349 387 806 853 211 573 5 311 573 529 989 621 631 295 346 129 208 579 868 13 292 62 306 986 611 202 726 101 67 654 239 776 674 153 426 109 573 411 548 673 987 208 370 738 509 363 669 75 523 304 176 962 141 700 3 75 380 370 68 837 446 91 333 955 875 935 650 507
112 806 548 350 950 279 34 601 538 222 990 328 82 711 745 291 514 538 670 152 503 324 75 462 158 573 555 865 193 807 15 295 714 594 510 752 844 583 266 350 997 944 555 701 489 597 454 867 299 364 504 792 196 941 791 526 382 932 790 343 383 282 455 107 956 669 497 421 949 719 793 463 198 527 459 69 793 139 12 727 429 582 281 121 953 681 517 890 196 875 480 783 124 480 660 17 661 483 761 659
61 264 195 239 65 829 882 281 581 686 580 805 221 889 115 391 290 518 372 984 853 90 893 49 622 692 114 452 587 411 928 349 626 355 293 124 105 841 902 578 877 128 298 335 992 626 679 375 790 79 710 898 82 196 843 531 852 503 983 359 839 518 465 290 49 822 314 157 388 660 357 879 598 660 760 37 748 453 311 817 968 804 910 752 49 363 428 760 93 711 832 937 526 251 647 196 361 407 272 150
684 356 880 907 886 864 179 841 923 629 51 500 93 832 437 749 810 632 930 492 152 132 954 599 79 925 592 957 734 630 85 976 660 867 429 66 277 46 414 580 915 220 147 238 414 176 417 750 22 820 903 623 438 774 398 974 733 371 438 436 570 534 911 180 43 625 35 129 791 921 594 285 407 406 147 455 219 442 797 241 56 805 916 537 835 905 113 614 529 832 848 452 104 909 384 87 767 175 333 917
377 486 350 459 530 787 50 62 703 575 192 926 422 961 783 671 467 956 959 147 532 636 274 293 141 928 728 599 725 256 213 501 261 501 518 138 808 988 630 676 926 943 599 187 117 928 775 240 979 235 290 455 260 193 406 259 519 665 656 775 446 165 960 160 381 779 37 919 798 609 464 759 488 530 79 120 92 390 376 547 182 403 576 510 849 245 273 990 975 14 492 587 420 737 296 535 779 874 34 463
88 98 817 445 19 856 746 86 896 300 78 208 753 39 212 34 11 92 767 176 339 873 748 416 742 717 996 515 78 267 987 356 732 365 670 842 192 638 586 320 993 73 363 538 119 593 109 121 341 550 421 665 501 905 683 469 162 275 308 474 885 379 283 281 51 670 160 10 821 75 355 221 763 516 46 547 236 339 600 876 108 939 11 56 515 753 461 51 41 844 744 77 311 798 258 446 472 96 695 367
18 130 399 882 631 279 153 618 539 207 628 363 404 265 711 753 99 167 374 436 377 604 299 476 483 916 545 394 22 603 918 7 694 920 579 359 997 600 881 937 962 933 772 931 276 660 860 203 176 707 96 70 362 354 326 746 196 308 110 381 87 834 956 539 31 682 633 804 395 517 411 274 95 426 696 429 35 109 668 814 191 464 552 228 402 885 778 352 500 668 442 600 418 593 863 447 752 201 418 499
861 361 920 270 565 338 695 453 665 581 113 8 129 622 540 629 400 288 912 743 467 372 684 497 238 699 661 144 753 698 272 187 230 26 974 68 569 514 382 822 186 224 172 670 681 389 904 507 435 115 475 60 889 277 728 718 968 483 341 279 967 149 824 871 576 376 559 143 792 741 178 822 897 625 630 197 950 494 669 715 935 159 381 52 840 887 567 598 311 20 392 692 507 319 968 696 727 785 227 486
985 297 508 577 275 718 733 333 282 24 740 370 149 571 112 456 144 805 57 480 371 364 662 532 165 910 714 960 26 621 352 453 542 978 495 614 152 750 911 298 481 926 89 741 733 819 214 369 877 531 569 287 643 809 883 516 149 940 991 455 293 982 789 837 30 202 215 959 581 481 882 655 252 593 55 259 695 311 997 105 594 787 991 149 478 847 186 59 580 252 519 276 581 828 154 523 977 754 780 191
455 344 509 893 753 333 220 332 570 488 207 955 910 731 249 660 741 722 799 767 165 825 299 811 273 858 660 100 720 711 132 409 626 47 674 594 750 329 91 755 146 697 154 126 804 225 507 144 960 91 436 906 724 927 317 698 852 80 46 279 682 677 851 463 215 489 570 989 893 119 48 445 461 29 38 531 435 677 761 799 78 607 473 810 621 67 277 674 331 101 846 328 262 28 189 356 981 455 18 605
969 978 271 159 803 969 373 783 882 864 122 725 357 220 675 457 710 919 386 49 510 107 501 781 155 960 398 81 206 96 238 898 701 928 899 979 849 418 257 376 829 874 234 352 596 43 430 762 351 901 933 610 885 543 555 616 172 470 860 947 806 222 122 518 81 833 469 708 845 923 959 641 847 95 367 648 588 174 170 39 265 932 928 76 523 546 462 325 853 160 744 99 938 424 630 665 265 334 490 193
559 944 100 647 726 164 355 872 537 127 391 866 911 115 386 544 568 869 468 135 710 417 285 770 497 223 932 203 739 781 978 295 510 655 603 862 470 321 922 59 834 800 491 520 627 824 261 115 86 448 601 544 518 582 2 451 786 355 309 108 584 400 814 631 716 92 106 563 95 765 116 615 825 195 637 887 431 993 921 690 129 723 99 741 284 718 428 185 431 220 915 66 465 319 878 996 722 650 778 496
292 637 767 783 815 444 923 825 571 926 721 484 110 193 794 267 686 567 939 489 102 145 958 403 61 313 133 662 981 679 201 19 745 580 635 540 515 10 162 584 851 423 144 80 610 119 340 122 887 883 529 880 664 201 105 966 508 982 280 676 863 35 433 952 832 954 216 654 59 135 30 39 525 254 174 379 382 536 530 431 55 760 81 685 811 334 978 544 937 492 99 36 261 72 929 485 949 426 454 481
313 125 968 515 416 738 702 558 47 718 138 817 610 709 948 493 328 536 743 602 458 388 923 762 461 719 676 704 326 44 81 307 290 429 913 816 348 370 290 414 271 241 567 404 209 452 205 489 329 984 520 919 576 101 518 852 839 507 502 784 369 29 105 448 68 927 499 896 99 35 112 285 666 263 651 429 243 247 203 562 327 303 457 128 113 335 7 149 864 812 751 494 865 359 109 915 737 704 459 874
8 481 462 827 618 205 496 552 254 145 795 296 698 942 590 794 99 771 673 783 998 969 49 792 278 155 813 812 241 338 123 661 725 204 557 310 455 398 516 436 411 97 822 787 975 140 421 277 784 836 877 282 496 409 478 134 673 190 699 224 887 14 519 713 653 668 578 891 2 248 117 893 821 568 149 945 346 874 781 736 556 308 336 403 252 159 657 806 968 710 531 939 920 246 846 83 791 308 880 853
998 69 78 45 695 23 148 365 175 900 970 254 519 705 412 816 461 798 114 485 386 487 307 236 769 868 218 232 385 909 383 987 769 25 132 155 458 619 813 358 937 58 983 507 286 675 576 48 38 411 94 941 377 298 249 521 54 302 158 569 312 669 839 770 2 220 770 578 650 6 22 762 676 692 806 737 646 423 83 378 571 272 243 179 571 353 106 785 889 853 199 42 582 920 711 31 940 882 276 534
523 396 467 133 674 106 435 466 272 684 159 864 250 737 361 119 940 982 60 7 349 658 223 439 524 117 392 585 353 899 962 802 134 425 786 967 176 262 932 145 297 879 776 434 338 279 452 64 15 428 318 430 270 420 739 49 101 35 166 56 527 918 595 442 981 727 339 228 622 714 128 801 714 889 997 373 233 345 284 505 558 683 935 336 178 940 298 434 191 780 990 84 373 240 69 957 380 285 277 551
482 777 327 621 513 664 283 57 381 531 296 140 44 72 520 391 510 356 805 686 889 839 608 333 919 230 742 230 681 275 311 848 917 91 591 682 702 977 390 663 244 300 545 829 421 176 407 401 150 497 220 719 375 436 685 486 205 469 391 703 4 325 343 658 638 375 929 542 742 83 782 71 393 237 105 314 712 692 344 962 970 363 266 998 975 880 376 542 720 833 615 430 353 778 361 294 699 452 23 392
113 731 87 716 0 690 325 980 40 516 667 181 637 630 479 189 716 667 807 613 634 961 427 391 944 116 400 527 409 181 40 654 236 218 31 769 271 791 435 227 960 134 512 206 16 741 627 584 765 993 515 217 176 500 179 623 863 843 34 769 537 312 490 75 701 923 72 745 753 128 91 528 556 726 731 481 199 353 330 115 740 422 747 246 255 192 985 413 198 851 598 232 477 526 180 190 45 614 978 377
961 314 230 482 475 162 365 908 680 583 256 313 889 271 487 509 433 353 230 45 225 713 351 712 525 611 114 57 732 771 580 228 843 959 522 22 32 820 273 809 936 499 497 784 191 380 587 178 228 810 659 195 414 713 470 65 446 786 764 235 196 665 925 763 15 259 128 774 168 559 115 719 762 177 743 622 347 301 78 577 920 373 372 789 333 294 369 308 71 81 85 529 558 536 342 213 183 119 507 107
843 292 18 316 799 223 375 980 359 858 377 355 806 985 149 827 957 192 271 818 665 835 14 562 160 961 643 436 905 812 389 263 540 37 312 219 125 86 338 937 525 472 893 552 969 51 385 458 433 195 582 661 68 989 220 18 496 920 987 307 969 960 229 143 434 937 432 18 735 299 196 358 975 679 834 737 524 504 260 746 213 843 468 738 113 208 336 432 606 70 305 599 910 70 242 164 975 582 549 560
561 284 773 390 21 420 277 635 11 541 909 240 89 765 76 32 846 649 212 377 829 870 120 184 539 530 925 622 233 268 531 873 566 308 239 152 50 754 572 174 831 121 634 774 27 90 651 956 114 424 303 903 142 548 71 549 743 277 779 687 796 621 418 323 11 851 416 54 465 594 987 373 621 838 652 832 952 152 580 640 860 297 947 238 322 444 279 848 481 758 283 190 439 986 943 277 539 801 747 703
71 20 829 508 769 228 706 176 992 186 45 870 474 114 14 391 486 389 719 218 381 98 914 919 59 861 851 268 130 199 920 620 411 222 557 967 805 339 89 450 638 762 518 122 231 953 54 745 831 893 663 12 911 653 322 159 198 44 22 906 299 374 662 31 121 743 80 302 742 814 841 201 674 995 738 666 740 625 917 575 94 47 637 604 796 608 577 115 815 830 407 185 646 109 212 240 684 919 25 74
705 694 509 246 260 21 634 44 550 317 49 10 85 947 672 104 39 224 425 708 575 36 263 915 605 540 418 668 857 367 894 235 799 564 730 564 181 270 142 388 200 240 315 559 663 780 132 525 57 431 333 799 985 516 14 233 260 313 825 903 197 23 583 41 467 176 841 385 591 701 612 343 884 883 765 809 133 595 820 160 522 864 15 477 442 873 54 45 859 793 660 170 544 272 657 138 804 612 114 88
477 317 538 534 702 738 815 909 721 96 587 298 291 639 691 921 719 906 211 25 772 294 53 593 95 919 856 426 704 135 775 232 625 866 576 923 873 575 965 614 970 150 424 606 229 627 295 82 574 2 446 833 58 760 323 525 222 419 11 977 937 102 682 60 46 404 266 218 824 462 666 647 46 214 57 372 489 424 405 273 337 148 125 373 128 714 956 311 1 396 381 555 51 873 437 192 604 957 686 977
506 722 877 799 1 102 607 553 544 863 493 272 192 734 121 557 881 454 240 88 412 847 404 871 588 450 914 794 901 937 894 709 275 341 696 377 512 803 236 542 436 300 709 600 470 814 492 908 802 454 284 391 503 240 862 397 186 948 497 130 624 261 932 519 724 559 754 327 960 858 534 382 545 371 123 715 456 203 517 805 482 278 603 276 220 541 57 513 791 562 959 579 511 950 434 374 659 307 84 530
0 335 918 705 634 746 733 870 326 780 836 57 386 624 374 897 194 795 50 844 415 417 284 512 716 503 29 798 801 579 707 204 989 200 460 663 774 482 827 797 230 155 873 114 275 116 307 340 965 948 408 520 74 992 268 347 314 812 334 544 326 911 287 324 937 387 570 487 935 782 35 67 374 636 801 708 139 649 434 122 614 994 172 138 213 313 88 736 686 325 300 451 191 406 28 839 637 589 671 253
752 865 326 725 931 470 936 579 182 954 706 424 209 764 231 89 382 384 877 915 442 738 935 388 41 489 599 719 702 995 201 228 166 189 105 820 760 150 690 104 933 658 498 874 159 308 748 220 680 324 196 963 293 826 944 722 986 358 298 3 468 738 362 899 86 280 940 519 107 333 211 712 477 593 208 139 116 589 311 222 932 421 840 613 869 863 433 655 551 847 51 77 640 105 697 187 641 582 747 837
498 320 372 338 809 998 106 623 264 330 833 29 838 520 903 182 590 216 952 594 918 281 953 168 144 518 569 388 751 741 812 811 900 230 818 881 437 279 931 323 231 629 333 468 95 377 52 646 359 198 24 626 517 759 430 688 433 564 884 456 929 361 207 590 716 978 892 288 111 870 69 282 304 367 110 444 245 717 633 851 548 752 39 890 57 396 556 976 936 905 571 429 174 672 832 205 878 357 369 52
466 133 572 2 234 359 663 718 894 4 24 556 892 624 198 313 80 538 944 307 419 13 326 660 606 385 585 565 861 996 158 324 566 258 633 894 855 112 774 434 353 214 236 945 737 298 578 573 631 969 44 788 43 874 157 270 5 834 937 536 781 956 535 587 141 649 860 746 201 488 803 312 118 764 581 899 805 263 443 993 802 418 542 803 14 565 266 421 974 249 909 176 782 624 984 841 801 43 4 283
407 474 987 374 55 302 751 578 678 188 350 800 499 569 529 372 92 865 831 917 467 902 542 816 669 132 638 341 329 348 810 570 818 589 173 613 285 978 740 621 101 745 661 944 95 352 243 915 268 55 984 264 54 263 970 281 385 988 43 565 7 736 862 661 245 868 562 207 410 733 667 686 580 466 764 120 223 70 800 893 270 274 897 158 768 341 714 484 798 908 305 285 441 466 584 531 898 818 208 101
281 59 71 883 662 169 586 230 178 215 790 71 574 270 192 865 73 498 765 887 998 942 424 357 935 813 621 655 536 604 528 914 146 970 737 242 581 184 921 320 114 573 920 16 77 159 197 966 62 461 965 655 566 341 51 490 553 234 824 408 418 257 253 132 805 37 834 571 18 141 536 716 625 804 606 820 69 346 859 802 712 419 450 69 858 476 423 912 801 46 253 84 863 552 309 192 248 905 519 187
427 130 942 699 666 536 615 818 769 59 97 236 852 439 796 524 238 766 898 822 326 581 182 891 775 969 25 216 613 8 136 723 775 584 172 795 294 501 196 199 386 730 615 604 261 310 933 67 194 460 258 838 607 690 509 976 933 501 671 600 855 160 798 317 371 541 53 329 248 250 112 911 342 768 914 234 723 607 290 16 285 417 437 629 756 487 600 964 637 705 768 216 783 444 472 311 86 418 359 157
580 21 482 264 529 366 639 140 236 238 129 929 85 202 801 43 250 176 639 70 152 403 600 701 572 542 93 881 944 406 568 421 503 867 220 951 541 967 181 499 251 106 386 321 156 491 393 236 352 162 593 511 947 127 696 1 620 953 190 163 1 592 699 228 411 606 106 300 852 541 111 790 232 549 359 549 760 439 681 57 460 698 143 287 759 334 665 680 61 676 254 186 581 890 212 572 918 593 131 265
822 32 79 921 206 253 660 984 884 430 658 887 652 548 353 782 748 763 306 167 228 862 258 425 791 732 954 448 309 417 255 565 292 190 441 336 11 741 867 279 528 777 276 45 615 826 853 802 899 921 893 590 942 52 304 363 285 522 648 968 53 969 274 832 807 990 358 451 292 914 200 364 921 600 375 549 207 368 701 428 985 49 85 250 386 222 163 929 429 953 181 501 74 227 769 358 412 369 446 713
122 350 391 1 441 425 815 403 534 506 456 554 465 520 423 458 763 475 774 759 449 81 710 234 901 675 195 404 463 907 827 948 979 450 479 684 317 688 811 488 836 609 78 279 14 929 274 892 120 801 15 807 357 881 42 234 185 540 617 686 231 79 29 756 199 308 213 673 944 217 821 456 366 211 341 727 384 207 543 1 38 342 5 118 314 168 469 72 514 68 665 442 386 121 919 450 61 778 461 241
963 604 371 572 415 186 788 295 945 172 745 446 788 22 264 637 827 136 358 78 473 617 174 59 765 371 888 507 610 906 9 290 578 128 105 509 534 221 580 640 127 988 453 128 237 941 413 94 429 135 554 615 271 64 848 747 704 166 885 297 733 617 28 35 676 245 990 330 473 299 55 936 748 192 213 223 645 816 249 482 902 737 237 400 965 961 279 900 677 785 381 983 106 661 611 857 848 517 328 725
271 201 307 121 129 268 64 891 171 971 961 627 199 613 903 26 846 891 562 235 649 642 960 96 993 861 132 949 538 802 632 402 267 293 255 899 137 691 88 882 66 526 616 976 512 169 32 272 625 651 254 589 416 286 617 55 955 146 381 284 505 637 534 778 576 846 108 990 714 623 359 202 51 363 782 448 628 935 930 963 521 691 726 673 564 212 283 549 213 232 635 541 447 490 150 303 566 475 104 121
53 44 939 607 355 896 859 820 311 734 12 606 288 124 975 864 559 921 576 119 163 335 29 851 303 27 713 464 291 383 830 511 674 527 710 286 647 550 194 75 287 553 198 980 660 975 325 551 185 515 677 703 986 781 353 177 455 513 811 256 146 753 361 697 56 230 652 123 460 361 329 776 488 483 402 684 757 657 620 528 10 622 518 341 823 69 363 723 419 175 280 302 57 710 326 136 25 753 578 709
741 228 485 426 257 76 200 927 804 793 797 608 767 20 302 687 220 622 32 410 931 557 9 389 855 742 474 725 129 309 701 387 788 881 758 788 685 771 958 332 353 262 856 244 3 809 220 800 299 457 898 133 356 413 256 472 533 861 643 64 191 528 713 56 448 301 2 474 609 270 268 67 976 404 805 121 603 435 690 666 752 162 685 941 552 62 224 453 75 580 304 208 162 662 973 475 41 772 619 137
471 756 12 799 225 107 198 653 790 643 798 704 708 70 672 288 117 508 655 901 697 218 365 862 673 466 941 406 654 8 230 386 411 778 733 71 717 225 4 18 618 89 977 241 179 53 935 524 797 802 333 620 471 486 663 344 8 336 341 145 709 777 834 977 397 516 711 445 768 675 553 244 487 934 996 669 340 275 626 141 389 472 253 229 478 387 857 649 3 247 378 528 520 642 8 355 169 888 79 388
441 345 947 940 380 160 744 435 442 638 465 531 593 368 552 70 810 864 936 630 272 162 324 911 11 708 366 661 322 303 989 440 209 90 821 801 321 199 315 192 544 125 819 322 722 329 574 183 393 846 138 678 970 420 135 382 475 969 936 216 40 366 870 235 111 487 920 997 663 137 853 874 783 587 896 686 264 96 963 292 935 747 442 266 398 79 778 624 701 113 851 553 761 742 484 151 346 42 632 923
701 478 656 896 498 387 18 177 937 613 379 179 813 523 517 798 99 961 619 730 804 449 385 367 866 401 840 264 138 542 253 306 365 566 130 869 990 378 665 562 516 558 802 860 571 842 920 202 287 639 869 489 240 265 0 353 952 652 996 163 202 997 550 909 321 944 296 363 125 862 790 791 5 970 600 664 170 274 47 348 170 690 682 541 630 88 972 559 173 380 156 585 907 747 747 176 681 755 865 794
625 857 118 888 577 833 74 901 212 275 389 716 765 709 804 993 546 789 24 770 967 450 445 468 893 637 723 640 856 87 142 148 364 569 881 523 867 555 954 415 639 656 22 13 968 466 940 325 728 784 710 931 120 189 806 309 924 868 904 229 760 588 335 570 36 24 143 976 435 461 307 990 814 347 610 738 493 355 317 228 31 180 478 401 160 84 287 111 805 206 757 144 760 107 351 657 195 95 840 782
831 1 7 442 868 691 934 908 551 457 542 529 752 443 362 641 361 681 144 463 328 959 572 960 263 984 547 281 856 401 753 365 361 338 301 940 984 914 24 770 525 606 608 817 322 208 111 614 489 470 468 512 823 808 901 762 249 444 649 376 523 326 139 664 53 483 394 684 360 131 268 9 546 838 683 574 731 957 70 388 567 472 397 210 185 81 491 78 105 278 133 249 724 544 911 490 468 840 736 391
377 723 403 346 396 574 386 899 956 393 911 244 131 318 62 985 862 839 151 683 680 116 101 951 245 415 191 969 597 828 70 429 824 391 705 704 600 247 441 19 436 121 739 917 300 311 908 861 157 28 975 713 385 895 657 192 438 354 710 353 975 239 509 669 509 224 907 647 630 620 825 300 14 893 981 837 533 203 12 499 203 909 739 90 429 137 882 309 459 707 717 473 287 783 694 116 61 98 31 647
928 196 177 91 152 458 120 71 841 30 397 683 58 609 314 1 652 420 652 909 629 176 308 906 257 881 438 308 348 751 572 145 91 262 350 849 726 860 918 592 673 209 462 566 42 204 57 933 857 476 419 612 296 598 988 177 868 934 220 191 692 701 246 657 467 19 237 654 161 945 856 978 612 597 935 252 459 761 486 184 252 657 88 297 32 555 250 880 508 392 271 962 309 466 543 26 124 533 384 46
259 981 864 615 716 687 106 711 652 960 375 554 520 675 82 663 434 62 872 286 503 202 747 220 782 486 57 35 75 348 648 321 35 590 731 602 1 6 218 298 703 978 701 755 307 509 237 543 692 945 20 724 88 767 958 322 548 733 865 318 735 737 466 122 744 975 664 911 574 406 278 227 340 23 800 274 965 81 763 825 166 204 435 114 821 458 854 564 333 518 757 822 109 345 341 426 819 686 459 513
770 369 168 128 440 36 934 681 650 579 968 234 806 677 323 277 206 295 524 291 401 244 891 914 420 324 385 479 654 608 995 285 954 428 887 139 440 748 506 914 918 86 203 148 503 195 396 86 61 49 657 207 287 672 332 254 916 876 539 725 876 6 531 718 985 168 839 959 153 954 943 230 147 431 399 326 988 381 339 528 767 993 822 816 543 780 396 242 89 167 12 54 790 890 26 240 215 7 35 744
712 600 923 764 323 644 218 835 332 68 637 822 335 902 721 847 507 135 433 656 386 37 222 118 352 627 382 325 963 926 918 248 915 612 669 292 495 50 683 222 879 940 942 166 397 154 193 38 989 179 141 373 587 480 297 378 158 74 44 567 885 623 831 979 944 447 381 851 586 396 638 947 629 936 323 875 309 317 562 31 625 125 366 720 264 739 952 358 112 755 803 830 128 647 221 365 125 146 400 185
103 395 392 333 532 656 107 234 954 147 32 467 309 789 977 399 252 882 965 92 325 433 312 502 272 281 157 198 687 878 8 372 224 978 940 416 283 492 224 444 153 506 142 522 240 467 217 309 220 289 508 28 868 928 685 912 337 167 80 293 675 826 61 349 913 315 624 262 58 546 224 939 276 479 738 713 771 351 40 530 391 630 83 459 812 919 745 693 714 938 459 307 937 891 499 612 251 370 408 335
964 93 839 918 358 615 815 850 428 184 523 663 695 101 291 339 902 15 402 565 231 148 985 399 504 840 740 830 705 79 33 882 808 315 284 144 773 917 191 285 878 135 411 746 95 734 71 832 374 115 291 527 360 689 614 499 646 885 916 899 62 41 24 450 76 806 54 750 648 596 755 946 929 194 229 652 755 148 101 44 506 584 274 604 932 936 63 258 693 137 2 677 547 32 886 996 456 42 174 208
884 456 981 904 752 267 538 134 4 328 979 805 983 614 483 271 392 236 457 217 54 233 658 926 749 33 292 201 526 617 206 506 690 563 831 844 408 336 395 135 281 736 800 501 978 805 749 900 425 774 41 658 116 998 77 98 606 788 314 517 710 484 162 42 327 535 675 172 546 788 382 496 983 250 425 958 733 475 327 80 249 33 319 638 849 495 851 316 892 537 755 84 471 381 381 700 720 709 470 440
807 665 880 301 450 742 522 965 819 952 21 557 243 878 323 744 798 57 831 621 382 371 216 930 823 945 661 831 160 38 174 822 221 563 616 937 111 695 885 415 909 412 189 583 171 103 265 519 266 151 573 747 398 476 141 737 688 258 210 347 770 168 290 417 901 161 899 487 371 977 786 769 841 35 586 493 144 10 816 42 617 872 295 575 836 454 982 277 674 573 646 145 960 60 941 3 705 106 517 51
721 533 320 516 461 500 656 578 913 221 79 807 832 887 70 881 424 366 805 534 181 926 646 323 602 344 226 443 118 397 664 348 977 978 345 509 752 365 159 346 80 471 215 840 831 988 411 626 658 214 417 980 497 826 346 810 270 512 911 54 782 213 121 393 723 701 555 595 654 567 464 916 912 961 241 955 91 612 210 501 588 903 883 790 207 187 512 214 634 138 253 629 493 636 118 574 311 596 328 288
216 829 173 666 784 841 675 400 234 769 917 996 997 600 862 1 871 129 362 290 144 679 142 273 28 991 906 55 244 466 839 708 48 346 688 486 325 876 825 724 200 805 894 339 566 906 424 806 998 747 675 588 367 922 247 207 898 694 70 647 806 392 701 966 336 73 745 933 558 588 710 822 787 90 635 753 486 818 964 378 760 19 4 931 519 259 48 991 346 905 652 252 956 724 562 429 286 307 549 846
15 510 506 329 868 530 845 778 327 511 107 128 587 945 139 130 80 399 848 430 935 575 859 156 427 961 334 759 738 657 841 820 617 607 290 77 206 268 762 57 376 304 699 241 93 745 539 251 650 329 758 478 162 629 944 91 519 398 255 59 981 827 749 509 153 701 34 726 654 299 423 264 947 425 729 377 26 260 266 105 865 364 38 842 734 939 576 499 893 276 129 92 562 701 236 823 120 908 791 689
790 753 771 5 17 127 816 86 902 26 714 337 199 575 423 869 379 288 54 496 792 662 762 753 64 61 496 948 980 818 528 350 895 508 32 396 546 54 901 670 865 164 890 182 545 599 641 84 424 861 464 738 90 111 340 537 398 216 839 768 522 764 707 194 92 464 150 754 506 474 866 824 690 395 83 373 863 53 60 986 283 828 527 957 343 432 684 899 438 960 325 21 511 675 700 29 182 812 191 396
170 110 904 259 278 428 538 45 861 187 244 595 250 787 417 668 466 518 910 777 852 260 559 289 591 749 826 851 585 919 504 385 833 370 788 747 906 596 635 563 614 668 148 574 621 484 107 116 537 157 456 544 310 985 612 706 162 50 176 8 900 634 921 612 271 657 475 433 978 876 137 420 279 153 295 693 511 367 942 190 4 342 735 706 655 485 759 668 666 55 973 237 89 208 158 527 28 520 518 734
954 641 970 960 377 34 444 318 807 134 6 865 610 320 7 849 364 831 987 434 374 386 235 334 37 385 326 885 142 481 668 877 197 391 14 627 980 891 105 153 206 541 930 24 288 62 650 250 906 883 932 430 830 357 799 878 496 100 656 893 952 78 949 315 41 847 74 70 264 663 767 413 293 104 271 422 106 785 512 21 650 343 549 655 600 388 427 771 101 533 70 484 198 896 922 565 956 53 327 498
303 457 574 602 204 13 162 430 338 541 531 33 546 700 472 760 76 712 223 374 430 546 723 247 831 213 716 353 354 148 186 855 294 722 556 30 689 33 89 741 192 159 242 260 174 894 943 41 519 954 319 843 180 901 92 615 893 174 908 517 244 631 264 259 622 377 830 25 904 361 817 281 724 466 494 421 851 775 937 805 295 839 631 867 832 811 807 732 235 632 664 80 462 823 630 641 483 129 40 181
789 898 558 917 235 560 142 918 700 192 293 82 563 257 872 556 261 685 289 318 234 523 785 502 787 944 11 572 966 979 387 142 776 998 685 90 839 370 296 688 731 498 386 851 892 665 769 762 329 843 592 315 876 218 808 5 873 494 199 681 632 60 760 137 329 428 119 402 822 802 465 835 272 987 643 668 58 663 480 557 338 699 835 625 111 24 40 657 722 676 279 748 754 326 460 147 981 533 877 780
138 322 725 461 593 362 303 646 44 629 27 200 549 800 204 446 101 36 398 280 537 818 128 189 147 6 840 300 343 869 592 356 458 954 106 439 875 251 240 275 363 222 981 873 977 209 748 542 952 996 162 700 589 126 903 744 787 344 395 163 240 968 594 768 649 159 627 43 781 784 295 426 372 472 533 196 463 290 325 445 717 181 94 5 998 220 179 897 484 131 829 992 744 344 773 599 759 557 197 288
629 362 378 953 58 988 327 590 997 249 683 770 279 38 652 450 534 218 233 614 470 796 494 620 431 921 884 84 590 655 703 512 628 66 418 814 677 946 304 214 820 428 492 461 436 74 559 393 658 831 577 619 198 976 431 748 191 56 480 844 964 759 233 253 938 329 659 857 557 473 901 184 59 244 464 700 583 718 642 80 995 886 50 868 241 49 944 541 488 490 96 804 596 21 284 110 215 471 53 822
203 285 311 744 911 635 529 936 386 443 516 24 826 944 975 222 765 877 80 465 27 169 12 432 532 115 536 792 726 452 125 526 776 478 743 373 756 763 759 907 712 456 188 298 987 456 637 122 209 220 473 285 971 571 363 131 140 272 741 557 351 913 154 861 955 976 49 367 395 18 292 233 358 204 15 107 527 203 255 272 86 560 155 627 455 524 173 104 935 534 760 954 382 273 728 344 745 234 834 88
708 189 833 724 802 49 647 482 212 566 233 194 31 357 728 602 498 465 264 221 428 32 35 644 361 805 294 162 101 510 546 435 583 716 952 708 710 305 774 535 383 941 41 920 14 351 560 848 462 134 413 565 190 460 520 972 766 239 194 643 190 276 293 513 661 231 269 814 452 663 16 41 669 313 482 332 869 632 909 407 582 949 756 474 335 926 365 346 958 825 855 347 23 975 23 832 163 34 725 38
395 75 472 387 73 177 895 617 621 422 787 127 176 334 446 906 301 916 688 710 509 407 60 364 225 136 725 243 68 965 743 798 455 11 352 706 408 242 597 837 262 238 929 248 230 631 76 654 919 28 569 264 9 482 639 613 141 622 203 491 740 556 933 717 658 457 222 997 199 255 435 845 120 809 797 439 662 599 142 485 987 839 812 470 733 207 740 746 844 414 426 422 89 592 302 170 168 279 964 476
140 140 931 892 614 906 38 808 301 607 422 925 203 531 912 85 949 515 813 367 467 672 171 447 14 856 319 515 888 685 867 554 192 165 911 34 987 640 963 116 540 653 632 251 223 917 65 658 479 669 80 112 698 881 461 687 564 411 184 995 133 942 53 236 89 775 317 965 650 427 803 795 541 964 929 535 15 680 477 431 506 287 372 287 383 225 734 908 12 185 595 491 348 627 859 173 320 310 539 464
14 526 96 716 362 755 33 837 206 442 801 885 839 138 180 73 963 992 55 413 752 428 940 705 665 64 709 846 151 654 678 790 336 381 693 28 134 609 620 0 765 913 542 387 927 311 685 175 289 825 38 378 328 486 273 91 180 860 470 621 908 157 607 556 926 363 241 921 421 169 969 134 477 377 633 593 408 733 807 477 538 114 277 247 240 460 371 392 273 656 842 6 921 380 722 317 534 339 355 6
300 497 276 391 975 558 921 758 944 504 113 922 164 146 794 359 220 452 974 874 743 606 278 223 259 491 663 681 852 709 213 918 847 235 24 775 940 571 670 889 435 704 745 42 126 362 275 345 553 760 399 157 151 942 354 502 393 258 196 552 821 44 652 904 166 534 482 125 567 705 23 367 99 501 457 225 366 945 520 749 540 500 485 894 327 303 107 923 53 621 640 787 823 57 135 631 190 126 463 30
25 473 471 446 518 580 492 718 63 209 286 868 820 656 948 673 568 913 888 515 739 100 199 8 335 920 42 536 649 134 535 681 156 366 45 735 3 634 389 169 563 802 454 475 975 2 835 649 102 807 865 719 89 228 919 977 290 365 337 316 317 274 460 572 953 114 16 478 22 668 87 383 717 719 823 355 250 688 122 803 334 288 674 610 316 263 129 560 534 450 524 42 229 120 359 741 160 656 201 568
461 294 138 42 837 221 161 516 627 738 998 630 1 900 231 270 611 142 748 171 428 47 678 714 325 562 509 210 793 701 102 528 720 70 506 764 942 981 460 108 127 373 947 889 971 912 172 88 475 118 670 116 794 970 684 326 300 909 366 136 936 728 614 70 585 399 638 79 234 265 637 872 855 178 151 293 892 782 542 155 365 663 317 270 43 211 801 598 762 60 616 683 323 745 528 144 759 546 495 829
710 725 954 600 85 938 347 390 739 135 552 817 950 986 546 745 1 335 367 90 902 108 499 407 580 56 38 888 702 822 658 546 743 440 203 844 411 943 728 712 801 397 65 323 646 872 275 157 411 985 781 938 278 805 727 937 133 262 28 112 63 418 600 865 402 124 616 615 990 616 162 896 820 71 728 282 891 365 579 850 377 903 100 342 103 157 922 576 734 687 261 228 788 13 18 539 882 976 537 541
