819 460 683 975 260 274 417 217 856 769 610 903 452 290 465 32 457 252 806 598 187 905 43 412 92 883 884 879 535 865 511 303 965 112 131 407 961 546 549 409 178 724 667 206 491 652 427 551 162 597 728 382 537 557 452 545 854 700 988 294 858 989 435 292 744 336 161 419 794 281 862 44 29 225 565 630 97 979 640 590 732 102 372 940 730 501 851 624 116 997 626 251 885 242 903 374 672 301 468 93
918 524 827 492 555 812 832 211 580 132 365 296 629 287 772 955 588 165 241 36 480 191 68 428 937 17 555 41 435 713 279 353 229 456 65 554 35 852 570 966 800 925 524 258 822 339 280 218 187 315 799 264 183 18 707 931 183 730 631 39 576 789 753 502 151 599 540 944 288 387 326 715 789 683 422 499 35 987 881 631 101 20 895 230 388 487 591 166 290 800 356 354 518 481 174 4 407 88 911 896
815 251 340 983 562 291 900 510 314 891 78 303 798 528 299 102 351 990 0 988 806 380 717 203 228 635 937 116 492 223 50 929 934 535 959 614 791 449 220 947 598 564 768 39 930 163 808 264 891 511 830 488 522 215 591 580 640 876 358 985 385 707 6 723 253 181 654 287 461 585 649 112 697 538 594 775 777 119 620 305 390 257 68 339 556 790 97 667 947 743 937 652 131 463 988 180 813 732 704 830
750 854 870 45 792 339 315 672 892 985 147 941 28 280 465 507 457 205 338 246 82 900 773 773 932 639 238 846 235 803 217 319 661 880 728 449 686 705 733 809 231 162 7 36 38 992 216 477 464 605 646 357 639 811 351 494 681 181 742 695 182 779 231 704 654 363 452 262 105 338 604 633 787 376 93 279 331 502 106 434 266 913 701 221 3 825 572 934 103 657 334 603 119 407 844 919 495 246 114 980
977 497 643 903 32 550 544 299 467 829 43 638 729 812 988 399 771 16 510 391 200 988 548 665 946 126 287 846 371 233 847 201 224 255 557 576 751 232 135 156 543 556 40 589 151 139 137 277 175 225 732 736 266 727 0 955 960 270 315 303 388 349 110 853 743 740 364 769 821 954 779 505 569 865 208 746 981 305 928 957 263 683 828 677 323 386 412 752 121 563 682 702 947 181 840 355 984 51 441 981
219 603 200 591 7 363 196 837 513 370 248 554 124 464 177 597 273 592 648 582 513 886 762 283 456 391 402 126 853 263 715 860 840 518 485 911 678 854 776 935 566 497 85 319 477 764 970 898 667 909 346 218 780 493 28 233 898 57 377 113 629 15 758 104 334 43 809 962 521 380 350 790 737 875 440 558 28 137 168 353 395 265 701 979 22 346 617 886 920 89 474 328 217 801 19 959 920 149 660 489
655 803 617 652 366 307 866 260 152 453 257 989 219 73 892 371 205 161 361 458 724 498 159 315 486 284 989 659 450 426 489 297 243 177 295 965 613 495 107 9 899 573 966 62 777 479 650 531 245 417 323 73 895 669 109 97 241 183 783 896 759 180 884 780 644 855 898 421 568 716 463 446 955 426 85 505 145 928 897 410 817 924 839 253 586 9 281 559 506 819 788 422 180 211 162 272 465 324 171 745
309 872 585 245 262 29 152 570 536 504 975 493 966 47 415 827 696 173 524 644 600 844 313 399 335 661 247 144 113 503 799 65 380 383 737 975 574 253 217 275 975 457 156 612 858 701 867 320 748 295 323 446 585 125 62 890 31 748 89 591 376 987 330 991 964 835 197 668 497 917 238 290 151 236 52 977 86 967 978 267 679 443 429 364 832 170 933 227 485 346 809 90 356 754 841 945 935 727 105 444
415 212 417 88 181 834 123 991 427 885 909 817 823 762 751 254 523 899 890 454 309 589 105 460 458 111 893 342 374 908 736 543 462 405 17 950 925 167 11 17 952 812 649 349 645 613 845 762 752 968 527 835 549 896 472 743 877 908 341 366 501 129 749 751 788 183 896 850 265 956 785 504 868 1 753 842 439 207 870 710 657 699 187 18 875 520 114 116 909 82 7 93 515 294 361 29 100 809 331 543
22 665 223 720 402 133 616 705 295 506 202 211 870 802 181 955 631 61 913 4 771 13 758 376 296 793 731 28 292 259 98 371 540 833 353 707 385 440 867 696 359 427 910 583 244 816 226 888 530 927 756 192 76 0 859 223 373 83 307 235 144 988 983 279 13 910 862 18 64 724 714 7 734 39 491 410 960 235 56 4 955 981 803 691 456 187 907 169 377 918 266 48 734 363 716 407 683 753 32 919
8 385 133 571 378 831 726 239 684 685 505 353 350 59 602 309 678 93 790 425 871 383 882 893 176 529 547 945 113 564 714 173 544 674 158 47 906 495 187 914 459 836 312 399 119 398 402 853 57 422 125 430 535 451 862 245 903 890 623 89 934 692 925 109 651 500 827 755 502 588 749 94 253 384 22 610 663 72 302 799 853 22 38 295 915 737 896 524 876 186 333 543 385 133 310 331 689 273 820 210
268 254 421 804 13 847 197 816 693 236 893 458 282 591 832 226 374 705 445 230 501 574 136 620 599 740 364 879 190 363 924 642 553 271 677 399 76 464 197 214 779 993 871 924 328 201 674 937 187 868 828 976 204 321 684 756 860 265 307 925 957 534 663 481 933 310 114 997 16 71 274 663 114 554 330 723 866 43 137 717 929 666 45 778 463 842 433 783 885 251 420 405 728 358 602 786 784 96 639 4
262 421 256 587 774 982 458 411 857 8 18 201 588 697 941 107 677 687 909 242 847 140 99 260 299 677 950 73 26 779 899 364 830 362 574 380 237 967 998 185 105 343 87 667 928 713 331 658 131 92 987 374 815 89 942 503 838 471 191 185 455 710 152 427 575 537 469 825 757 465 103 279 375 616 104 912 224 735 220 695 600 89 883 72 755 719 182 821 233 228 603 919 651 919 337 747 128 157 650 366
958 422 744 297 960 661 824 311 172 741 505 775 335 131 760 535 914 141 782 918 218 473 975 302 729 455 486 179 914 441 202 821 91 846 629 194 533 687 52 155 927 452 997 536 306 287 975 552 335 729 366 540 413 391 550 448 142 821 894 82 981 457 683 114 662 908 681 398 121 320 247 198 521 859 191 390 707 507 472 684 287 546 331 98 55 114 599 518 396 625 424 153 649 987 243 417 47 195 577 990
947 862 544 973 691 544 862 729 760 781 307 758 491 898 882 376 564 825 893 621 830 787 903 212 813 536 837 609 639 543 213 366 16 231 266 30 751 892 278 938 304 10 737 852 728 945 936 602 746 789 665 146 757 756 407 215 21 179 83 274 5 994 583 347 801 517 413 603 435 916 820 976 342 740 705 856 42 790 570 716 463 407 447 195 181 852 891 258 942 706 423 77 340 564 176 915 706 661 368 825
422 340 527 570 98 179 666 449 791 654 610 612 59 351 341 445 132 961 145 134 513 763 437 947 822 28 859 927 671 350 785 583 153 898 806 211 942 771 973 529 317 922 244 201 654 410 554 425 574 638 119 361 505 376 130 89 470 159 645 163 862 148 732 911 956 629 762 465 7 344 233 160 325 645 400 874 727 929 582 347 20 461 156 355 700 520 918 145 808 671 114 939 836 637 100 329 56 200 504 132
216 681 715 325 323 413 990 679 144 311 116 950 813 435 953 831 267 471 40 279 953 490 716 461 139 672 507 457 876 865 223 975 197 435 976 833 518 813 515 971 122 441 834 778 47 450 860 647 112 639 297 765 563 544 758 495 325 519 304 956 183 457 97 745 459 658 157 807 392 160 487 750 818 237 589 235 535 517 358 822 701 437 201 257 48 923 735 333 517 673 258 801 819 888 813 18 406 467 267 455
740 222 558 20 222 167 496 218 390 619 937 860 143 997 549 487 669 810 360 38 530 903 977 935 428 971 126 379 409 324 685 558 943 383 535 365 183 982 472 391 619 269 427 764 510 662 464 982 224 495 92 140 474 53 34 434 147 171 799 269 344 341 848 805 879 395 312 761 463 252 547 813 468 644 903 961 215 637 237 423 143 183 169 360 683 698 681 178 649 663 574 748 225 538 688 731 259 187 871 351
603 19 76 149 677 526 399 351 930 769 621 979 922 989 941 0 675 82 111 540 259 627 258 33 345 528 855 919 689 763 27 464 687 366 83 695 628 835 609 982 271 722 189 105 384 37 662 613 186 553 518 515 496 621 241 749 334 722 692 591 961 486 139 126 367 498 0 413 352 843 924 236 305 613 718 94 46 254 688 751 517 865 596 882 504 494 393 284 578 139 645 233 244 906 678 988 42 472 516 502
985 660 979 237 350 982 411 751 967 798 958 520 825 36 774 499 436 332 425 290 84 98 459 242 873 230 209 167 772 400 425 873 761 113 355 595 73 102 549 123 554 672 339 45 795 527 871 474 361 873 328 348 100 358 356 946 256 28 67 192 40 337 638 863 652 179 845 599 428 878 762 351 86 804 335 817 694 190 840 875 634 929 582 938 258 103 585 813 416 307 507 946 87 779 576 122 235 769 755 817
562 453 620 289 481 362 277 88 812 794 887 402 739 777 253 461 715 802 647 381 409 256 445 593 212 560 355 285 690 286 556 6 557 562 846 154 345 448 701 484 715 558 271 33 7 491 704 668 808 337 872 194 145 818 246 440 674 412 440 131 905 383 870 794 54 137 767 123 830 187 954 968 846 351 857 526 513 113 113 198 192 364 315 165 283 763 596 775 415 148 258 561 195 245 524 621 920 138 204 197
15 94 804 547 368 347 592 924 814 548 835 519 736 855 123 956 284 448 666 838 141 302 107 715 76 826 444 143 45 913 676 646 575 390 732 161 825 47 171 817 698 750 388 802 787 496 500 57 205 370 427 558 682 482 276 929 160 358 134 148 686 338 766 584 538 151 251 274 939 814 147 674 750 420 10 856 645 421 540 478 640 766 358 928 368 970 370 467 868 881 419 453 220 132 860 758 581 297 378 970
566 357 854 375 819 785 482 18 580 243 352 522 86 503 571 135 983 679 171 764 42 973 896 656 344 218 771 832 616 421 660 614 764 609 470 608 433 648 288 324 644 940 753 358 449 52 989 276 307 410 728 769 217 784 678 592 874 829 419 237 447 226 317 108 619 482 449 626 404 151 414 883 386 630 59 724 890 475 986 247 111 729 262 513 717 541 161 649 783 79 433 637 839 402 355 816 661 944 567 527
415 553 262 552 203 409 548 230 164 610 758 170 474 243 807 205 723 323 307 364 114 517 148 714 739 840 178 13 230 726 545 437 894 442 528 237 840 753 896 808 507 136 305 472 115 817 179 359 473 689 505 172 445 73 221 725 957 306 240 244 566 575 254 318 718 938 757 99 883 109 146 359 620 969 650 558 736 394 587 739 333 179 428 834 681 273 665 934 208 138 172 363 640 167 387 55 652 974 946 232
69 506 157 441 869 931 503 896 467 503 620 924 757 270 108 848 946 852 46 912 347 911 895 595 630 866 805 107 930 697 539 188 939 886 850 273 853 29 759 51 125 364 974 358 721 898 257 152 919 714 165 205 389 931 185 188 547 383 40 151 854 416 435 551 449 59 58 94 44 6 444 817 802 302 399 415 924 475 443 173 573 344 181 357 551 865 633 927 70 240 992 907 154 368 442 295 452 161 869 31
152 579 903 108 22 44 516 189 704 767 474 374 956 673 111 853 181 669 347 301 873 307 898 48 586 928 496 395 63 244 977 857 175 394 30 975 635 134 751 935 781 984 420 171 917 995 683 501 809 667 489 795 684 171 499 176 735 302 479 240 323 34 372 189 596 991 867 360 170 902 531 940 127 501 976 665 75 970 689 847 618 49 965 571 323 216 639 759 655 906 655 732 902 570 594 577 543 11 36 898
459 259 490 281 174 305 813 469 912 231 11 245 545 133 834 411 781 222 406 892 272 70 401 640 48 544 597 799 267 645 437 592 208 633 106 903 438 203 494 508 807 266 512 382 929 313 596 61 135 655 525 208 2 182 239 475 405 20 611 994 90 25 282 131 763 802 327 600 71 430 908 879 543 617 684 608 609 310 336 925 255 976 590 994 591 982 24 520 117 512 826 37 360 733 399 539 792 643 72 723
259 546 307 949 15 255 974 499 211 966 67 882 214 385 903 700 592 601 451 873 586 426 585 985 444 895 574 221 24 370 488 793 813 965 215 699 390 4 279 92 455 244 108 395 825 273 151 120 264 529 953 866 70 251 213 392 707 186 637 636 22 103 665 107 805 79 286 115 918 540 549 4 271 209 963 371 275 43 215 316 565 373 658 193 950 481 233 986 883 289 238 760 801 907 911 84 450 676 429 105
537 651 232 926 644 73 644 833 331 636 76 286 707 803 246 449 794 506 72 443 78 613 660 243 458 85 899 52 163 213 137 297 995 144 624 169 81 154 486 141 951 392 141 475 793 24 882 70 729 477 833 690 642 923 629 149 995 753 381 625 581 531 723 148 594 966 22 122 437 141 253 705 125 405 97 722 576 565 985 894 723 394 662 810 769 593 538 98 613 224 392 35 954 198 958 664 66 489 250 350
623 319 735 858 343 495 661 443 912 479 759 112 469 596 552 146 351 910 606 954 578 820 627 305 630 580 911 828 475 620 452 497 972 879 986 743 126 950 314 316 125 476 298 80 606 707 135 91 955 984 255 276 728 75 871 354 379 504 874 16 144 632 168 539 588 51 72 358 695 884 406 389 758 551 796 855 727 871 796 95 390 666 922 317 135 665 436 848 199 437 557 206 933 795 930 179 684 82 545 15
895 450 703 353 188 242 401 279 751 149 565 571 98 182 87 704 39 512 848 376 331 652 878 14 379 451 948 17 964 294 85 876 502 180 841 644 867 869 79 884 531 321 898 400 303 356 448 270 283 450 765 313 552 300 58 986 905 909 381 382 349 638 686 154 397 654 318 237 746 386 439 534 462 221 215 511 461 837 110 888 275 51 366 578 224 557 21 204 483 545 840 880 274 428 851 225 413 270 376 67
312 285 232 997 589 521 29 79 23 623 362 614 179 619 73 280 44 232 135 842 60 593 902 133 928 370 352 381 792 585 201 5 614 579 758 95 574 53 527 410 728 720 756 22 936 714 328 427 486 804 170 143 218 853 661 872 356 718 923 480 667 576 69 874 801 392 788 125 503 381 348 311 773 628 678 589 622 893 835 724 343 81 123 450 86 182 432 609 172 55 117 446 730 891 976 625 791 991 84 860
234 241 635 482 503 85 526 474 703 96 718 76 108 109 768 857 239 355 481 215 478 654 889 457 318 395 186 995 955 946 977 162 182 490 79 339 859 444 849 545 568 144 546 55 729 705 80 660 479 137 869 81 560 227 405 806 844 400 993 152 780 685 955 213 505 444 593 908 104 716 866 994 975 565 40 94 225 1 620 322 665 914 892 345 451 583 73 605 908 111 863 680 888 95 6 12 682 970 719 784
95 244 908 772 166 801 798 939 479 343 156 491 70 360 579 82 529 102 580 664 38 732 867 780 696 2 605 18 446 935 409 640 327 11 821 387 89 175 932 615 245 317 441 38 383 644 826 177 613 963 390 906 162 686 763 470 655 490 11 406 47 800 937 468 779 322 843 480 487 402 111 554 66 949 450 890 372 154 531 259 582 234 242 159 752 381 212 888 884 863 773 557 71 453 2 932 1 62 690 390
709 115 385 870 362 570 415 408 415 652 276 782 820 767 839 922 905 665 752 382 257 109 479 590 10 405 691 555 579 469 195 845 648 685 843 335 709 758 539 967 867 461 638 759 317 197 54 375 188 902 578 836 465 982 773 153 860 631 177 867 685 723 154 534 215 147 369 911 798 745 814 44 814 631 898 740 117 327 175 968 253 193 645 386 363 461 718 981 624 91 84 576 861 572 522 798 924 77 337 187
100 134 165 629 50 690 962 255 256 298 612 916 557 118 37 2 694 906 951 280 984 898 900 941 750 972 244 34 609 492 20 883 101 29 822 352 374 437 360 353 898 707 296 473 864 551 853 758 554 662 667 601 720 788 355 469 751 608 473 814 567 591 603 171 231 319 516 795 971 871 659 503 390 520 58 980 882 68 478 955 770 52 116 204 676 624 904 665 410 98 244 356 600 343 305 901 669 171 706 654
84 294 751 981 622 913 170 928 619 660 841 682 853 14 795 893 786 158 992 105 189 192 101 578 691 722 165 510 77 225 571 926 613 679 61 154 981 264 611 944 550 474 675 982 138 629 301 905 110 311 164 737 60 73 357 132 528 92 21 63 12 566 624 358 423 181 341 953 744 966 89 536 772 845 31 740 84 3 981 541 715 539 51 215 490 365 671 188 699 259 142 732 512 911 949 563 132 223 268 733
516 849 107 347 729 585 730 509 695 335 472 598 806 434 879 198 273 134 206 555 400 254 77 356 310 598 575 102 874 861 618 634 605 469 201 422 437 279 914 126 326 280 653 950 715 702 544 481 446 805 691 327 336 711 253 669 435 684 599 554 361 13 325 853 9 849 762 505 776 194 242 285 996 797 359 640 554 910 290 254 164 848 724 942 36 730 761 306 79 318 984 148 964 343 979 911 278 215 875 430
302 720 29 45 870 221 74 866 137 242 61 564 979 731 74 983 456 109 300 341 297 316 346 982 960 151 611 202 799 930 428 917 869 895 426 152 214 385 282 329 555 24 397 666 6 376 417 534 337 307 11 591 557 3 426 449 366 334 278 675 341 990 134 61 153 924 792 512 110 652 803 104 309 169 355 302 341 734 346 58 845 582 223 88 505 96 400 860 998 342 101 669 343 220 499 311 131 598 736 17
961 731 564 460 868 645 16 703 383 151 568 949 934 261 285 682 711 651 143 228 7 542 731 62 770 286 519 887 749 313 685 699 980 555 140 897 582 545 734 81 321 626 250 116 707 666 470 926 544 72 681 856 573 327 815 419 445 951 170 804 259 651 387 752 877 680 977 127 701 777 281 489 266 10 353 107 754 290 503 703 624 821 251 86 197 63 613 737 105 201 667 46 417 14 924 718 789 487 302 27
710 88 804 311 354 706 270 73 588 4 237 863 539 279 935 340 295 609 975 526 995 896 685 954 56 925 327 151 705 98 125 780 193 934 514 97 74 78 694 217 759 198 25 482 536 151 686 485 290 874 803 874 272 472 393 117 193 183 97 951 893 145 965 267 162 98 302 121 632 187 492 681 709 527 336 318 283 278 367 54 194 286 129 711 296 435 168 500 848 443 181 720 607 79 529 500 418 748 40 757
953 322 372 737 365 533 174 94 85 409 497 472 25 11 815 151 528 644 256 161 858 485 345 588 431 279 363 501 527 792 30 562 753 931 716 933 212 76 509 15 441 451 433 65 938 970 660 596 606 646 614 242 121 18 293 720 907 261 146 634 615 54 143 936 667 823 389 0 649 147 592 413 213 602 255 146 264 474 413 309 513 5 967 435 443 508 380 926 662 391 103 309 725 440 953 885 280 310 837 331
521 641 394 420 939 983 847 736 207 451 722 674 764 248 961 62 44 313 74 640 985 475 378 471 39 753 549 274 983 352 436 958 441 920 426 349 114 567 991 686 602 987 502 445 326 589 444 391 763 626 435 120 581 499 14 947 781 993 229 992 802 880 711 44 742 447 316 5 693 87 131 770 393 232 497 295 416 287 703 158 197 489 635 498 183 598 671 638 806 110 714 72 825 539 156 766 953 490 725 805
211 290 77 641 665 651 641 365 963 991 715 193 852 240 842 354 551 129 850 194 68 852 62 934 371 924 160 393 940 87 545 224 996 411 30 843 319 206 990 900 199 780 388 884 755 72 694 61 158 321 453 301 520 717 331 789 589 338 147 195 397 463 28 169 645 777 67 940 993 818 832 833 789 494 537 556 355 934 664 491 229 721 573 964 687 674 604 300 865 119 518 367 178 201 422 740 969 721 323 718
295 232 292 988 985 349 48 503 168 583 195 332 196 347 667 137 23 715 9 758 260 570 612 319 18 281 837 825 828 35 102 725 926 373 167 594 226 981 716 685 937 485 841 936 564 202 18 832 586 870 890 634 142 756 269 702 575 989 577 472 829 220 262 367 762 517 90 875 732 432 666 62 48 253 898 536 123 93 149 153 711 353 550 434 284 832 406 556 78 701 243 908 458 532 163 176 493 474 419 861
707 780 789 361 335 158 142 662 379 505 845 496 246 563 294 767 322 168 194 269 480 862 459 735 918 499 217 256 802 543 669 367 614 754 359 223 121 402 923 991 21 205 565 196 394 668 873 769 113 353 92 766 359 838 425 638 159 145 817 407 907 109 460 464 897 936 155 672 706 327 839 946 671 385 85 420 636 22 86 13 964 472 155 940 643 10 791 496 500 447 35 380 234 462 690 222 198 958 691 545
190 257 614 618 118 830 163 200 322 715 170 583 673 980 560 625 994 625 106 462 719 786 156 641 698 696 848 456 82 645 266 182 280 558 191 631 991 112 922 606 833 367 105 182 715 269 349 888 28 143 212 351 959 553 574 366 425 538 21 470 638 671 685 484 440 196 514 518 528 106 216 461 98 103 789 972 686 65 938 752 506 493 536 529 147 247 128 15 147 67 836 165 86 646 993 250 437 272 23 596
895 884 690 863 340 951 93 36 206 624 465 199 355 580 585 87 254 986 222 785 157 221 43 146 2 680 514 658 261 19 117 219 705 136 261 252 144 242 228 301 848 724 419 226 336 395 318 416 502 276 607 925 721 978 826 76 125 349 568 752 771 775 297 864 812 426 655 965 871 840 102 423 282 164 925 541 600 907 581 388 379 827 624 206 248 574 666 533 392 803 29 471 259 359 765 543 339 474 265 752
988 703 812 746 793 416 580 970 58 889 281 738 886 772 211 526 728 137 312 17 49 183 236 779 568 618 50 637 38 26 858 984 322 3 799 523 568 470 825 233 404 875 836 418 224 559 93 563 190 479 147 761 586 702 417 971 774 811 626 261 546 759 901 926 807 619 641 191 791 271 796 182 880 42 403 641 637 418 902 733 809 11 828 465 337 445 25 623 415 806 890 364 205 488 37 888 471 164 5 227
175 523 658 29 891 612 520 725 156 570 532 493 567 544 246 371 564 208 654 768 226 74 863 477 749 620 614 421 618 896 836 142 359 893 957 447 789 457 835 996 172 472 605 733 666 786 573 420 585 961 661 804 638 94 568 993 849 8 380 748 696 375 804 307 906 737 554 998 178 690 341 269 40 88 602 600 905 487 766 979 123 801 126 560 577 668 52 817 960 104 466 126 619 59 72 880 560 84 970 866
724 980 664 794 9 947 434 245 718 455 505 376 28 668 125 837 438 923 53 605 665 4 617 424 301 348 966 852 991 717 672 401 985 381 835 498 612 78 40 462 909 986 131 868 98 326 689 682 613 390 122 595 75 528 991 899 877 205 400 778 236 144 585 317 685 189 182 780 664 262 297 109 271 462 136 82 703 45 386 397 359 548 650 589 471 572 645 269 923 119 957 724 13 911 925 439 410 823 675 686
648 392 961 377 361 273 912 323 633 977 536 706 622 663 354 758 31 52 474 336 343 358 132 177 56 854 773 711 378 474 949 69 933 447 237 708 148 154 219 150 908 995 650 441 261 524 856 867 988 977 103 794 850 101 438 339 135 484 766 700 117 508 329 10 809 107 472 879 81 240 424 534 728 632 1 400 146 583 625 387 97 601 388 315 954 166 483 330 492 228 135 61 208 475 791 232 998 648 401 627
757 403 168 593 301 561 466 900 698 743 212 389 400 95 968 553 761 617 209 980 415 862 162 478 953 534 865 395 405 188 11 990 216 176 506 761 216 780 275 745 203 172 96 426 795 425 417 100 716 910 173 503 106 371 373 578 436 567 397 117 246 969 613 104 940 998 388 757 844 352 900 484 379 16 68 408 15 151 523 361 215 745 394 944 204 427 675 842 144 478 769 614 168 868 558 283 234 315 195 855
534 817 791 56 719 542 355 499 131 930 360 940 911 547 929 536 466 914 893 648 971 738 513 372 484 461 849 676 282 456 435 514 295 84 929 149 221 311 385 748 479 838 70 223 399 37 222 722 774 112 560 217 376 85 123 658 52 895 328 936 267 961 401 96 92 676 151 400 168 84 879 253 816 420 395 323 282 234 25 155 832 84 525 847 18 103 40 265 740 386 521 969 747 89 556 34 215 483 524 179
762 295 483 133 71 174 452 445 833 751 916 397 900 822 240 844 565 335 194 401 462 94 310 506 372 701 980 807 492 905 131 244 658 539 219 686 455 11 972 931 245 568 415 251 116 613 683 166 824 939 432 581 296 641 225 119 513 269 82 260 316 616 120 662 992 767 850 620 809 10 146 983 629 601 723 970 819 615 438 130 950 431 559 66 390 165 171 744 132 737 863 300 292 380 865 410 662 879 640 65
854 996 646 327 217 903 10 806 855 451 347 594 560 372 960 334 996 523 421 7 274 552 190 570 18 496 670 815 978 416 915 426 142 367 793 496 815 178 577 956 539 767 618 496 506 644 900 47 792 456 435 802 73 73 655 620 486 820 400 730 300 935 61 99 417 600 489 814 466 490 567 848 562 410 339 596 234 339 121 16 644 227 352 756 746 156 688 864 158 221 686 206 244 914 288 465 906 85 771 513
717 991 46 723 110 774 361 821 351 928 377 164 379 486 793 907 313 613 515 622 208 270 290 492 115 413 861 812 601 608 52 334 963 844 6 523 500 740 688 779 252 46 315 929 71 24 424 43 745 354 579 703 480 997 640 333 651 18 660 451 82 92 188 296 26 547 192 310 954 675 969 266 157 24 898 788 594 356 100 126 578 488 506 49 350 439 117 175 150 336 542 335 88 770 792 870 494 710 427 264
268 595 597 872 105 412 54 752 880 660 68 268 398 919 686 319 861 599 726 575 466 700 808 510 948 896 908 155 351 278 639 644 586 219 860 582 595 737 602 947 168 729 0 386 543 573 589 410 614 847 36 198 505 983 920 453 513 613 438 698 78 337 522 712 759 675 293 184 583 161 28 977 749 266 668 491 918 707 527 901 966 155 345 713 655 871 427 483 939 936 489 449 292 427 543 198 815 27 911 939
51 822 984 11 477 19 972 868 884 189 602 586 139 364 536 639 121 715 22 295 672 250 60 823 894 821 856 972 600 512 531 483 622 278 649 25 212 664 90 285 979 143 305 645 872 321 734 448 576 384 284 92 631 108 538 295 216 635 927 966 319 287 332 976 494 612 250 97 563 374 158 278 657 283 405 484 621 771 245 469 81 503 313 904 115 545 361 67 372 743 770 647 653 748 918 349 544 975 541 368
152 899 519 132 661 276 172 885 632 258 275 180 1 601 33 906 409 258 643 255 542 54 12 46 645 715 573 826 654 60 700 190 602 280 603 246 357 666 677 177 691 376 429 175 72 782 419 322 258 953 859 553 33 641 826 591 405 354 392 690 388 914 273 842 419 240 876 897 719 354 696 644 909 354 918 830 814 752 531 637 716 814 36 976 806 373 57 846 834 558 422 965 216 668 215 504 335 206 84 671
802 902 480 413 549 829 472 285 297 879 319 38 585 884 579 572 307 164 822 689 779 847 140 785 719 760 804 105 959 139 501 513 587 894 749 49 168 374 318 802 701 877 621 395 116 330 483 884 920 801 330 246 400 146 313 659 670 149 736 325 255 381 722 142 237 920 886 609 363 750 52 982 269 747 926 587 727 172 53 495 195 217 572 559 607 536 9 720 711 782 760 273 258 251 772 719 356 888 961 122
561 469 535 406 452 157 635 291 645 948 842 44 106 914 931 141 860 525 948 637 744 716 426 361 864 938 9 378 371 123 143 652 506 477 138 705 23 163 312 17 335 193 683 539 380 560 294 469 938 610 85 258 435 247 40 109 154 70 507 336 36 234 332 858 486 276 54 964 334 165 412 557 881 285 964 267 653 604 838 563 239 124 851 404 754 332 475 760 982 3 701 581 166 197 529 45 206 209 700 139
823 482 4 297 654 791 993 731 454 465 743 11 865 442 867 844 659 811 586 19 486 561 657 227 362 406 868 475 622 385 80 823 720 28 506 200 228 288 286 1 46 30 605 630 645 868 52 569 487 487 210 42 532 835 479 512 72 833 927 357 267 804 819 294 482 57 245 514 828 353 167 945 870 652 795 261 409 578 325 705 809 835 606 372 484 243 46 953 57 186 366 823 594 589 205 719 762 388 949 805
585 897 289 260 570 122 639 240 912 680 62 111 538 56 601 509 921 859 620 226 18 677 558 196 165 428 351 546 606 956 976 426 49 272 286 776 314 868 170 844 711 43 181 881 732 168 429 278 207 607 475 827 734 256 523 791 530 110 605 983 776 794 159 945 372 516 870 6 670 283 890 330 139 669 364 798 282 845 372 27 116 163 150 984 924 780 382 977 688 501 993 148 419 467 336 818 839 831 156 748
173 305 727 66 781 353 675 843 56 429 624 6 887 122 696 207 355 246 692 46 304 553 123 666 676 921 248 264 650 516 516 548 762 463 578 893 526 980 941 301 627 810 656 444 207 167 726 524 777 173 478 276 978 14 480 517 469 536 451 557 599 793 462 114 821 36 957 410 460 64 260 694 161 902 955 549 874 8 291 376 439 535 886 436 45 49 12 728 118 910 252 418 82 469 388 945 283 289 578 996
930 787 950 407 55 342 323 715 169 942 66 790 141 151 745 164 185 47 145 600 925 251 773 704 72 407 540 514 320 351 861 20 573 704 973 711 177 795 340 533 523 349 782 478 443 491 768 907 757 77 536 889 667 661 791 277 425 334 190 237 937 488 510 218 487 213 351 230 452 261 732 445 86 112 685 444 570 288 171 730 277 105 459 689 185 630 271 772 632 769 88 612 244 669 310 739 172 492 893 237
657 753 683 343 508 230 608 517 93 289 356 844 127 642 243 195 414 522 632 289 773 270 603 441 95 354 4 754 345 274 493 324 904 100 361 709 918 868 97 381 372 182 351 922 80 65 144 446 408 880 43 70 85 462 628 173 332 77 819 368 911 840 86 588 197 555 784 823 377 465 564 955 852 29 805 208 871 917 374 432 144 923 354 539 957 862 221 982 904 415 987 645 114 517 439 862 977 20 996 239
277 18 547 888 758 111 684 187 440 452 474 7 226 459 466 648 1 543 53 55 560 199 28 95 755 955 706 855 951 67 235 369 461 562 657 287 968 271 248 393 116 827 162 326 637 53 708 826 174 806 513 563 207 682 295 281 298 159 697 599 317 252 416 824 123 754 137 962 855 251 172 347 99 111 301 41 974 839 828 733 346 760 541 103 862 916 457 741 166 567 672 10 237 313 462 915 133 291 490 513
691 943 153 349 785 624 823 166 749 960 611 368 3 429 567 841 294 185 689 618 59 392 298 578 144 592 306 853 365 279 291 695 936 293 991 243 759 964 512 528 560 854 946 345 234 528 527 310 884 875 224 978 1 54 174 139 466 61 221 956 910 146 143 188 267 415 497 744 912 31 124 401 281 534 430 880 24 178 686 254 845 719 663 147 125 684 520 657 413 38 208 206 67 923 335 470 353 725 480 282
897 400 549 766 43 137 900 901 764 979 601 768 70 734 121 621 610 19 739 98 924 855 476 359 548 820 249 182 980 462 652 404 833 17 540 940 133 61 797 324 913 115 670 984 939 827 180 977 20 769 370 559 529 339 329 251 265 377 683 586 541 609 285 158 901 840 978 816 845 620 512 890 884 304 837 94 252 316 261 433 488 187 772 207 171 496 896 632 485 983 411 207 75 234 762 666 699 753 442 250
798 641 212 536 890 489 737 603 834 569 905 701 533 595 261 445 5 442 752 476 17 652 680 811 38 479 47 445 459 648 460 849 885 704 55 874 410 679 226 314 455 854 757 558 965 220 734 584 601 569 548 311 360 894 704 285 173 256 671 644 717 535 521 56 482 721 395 840 178 47 289 72 97 514 384 659 595 907 158 247 193 354 388 587 945 354 845 411 506 683 338 133 572 366 683 178 125 530 600 714
300 640 198 786 408 47 382 546 581 859 197 78 598 38 910 915 462 167 703 687 71 238 618 879 774 864 906 411 188 359 258 804 330 253 996 696 314 467 329 820 527 14 973 636 484 266 769 271 693 607 474 550 751 162 890 818 826 149 127 242 932 623 581 368 850 777 378 830 752 388 578 439 650 460 682 600 296 867 971 708 154 294 307 681 112 575 737 713 140 521 476 84 949 293 915 533 948 323 528 360
95 899 116 675 410 519 734 683 632 521 183 903 857 558 813 122 282 540 675 916 135 610 670 634 790 144 175 748 971 756 385 438 890 711 991 956 480 449 966 371 478 346 939 402 28 729 883 117 24 532 613 80 688 897 808 662 860 936 236 373 500 352 374 462 940 114 134 729 175 103 0 426 437 538 515 72 433 892 329 404 952 747 375 616 10 300 882 521 570 173 992 485 780 695 8 304 679 453 983 320
33 649 513 202 459 642 355 743 178 588 695 470 383 324 94 687 730 679 212 250 603 499 231 714 304 323 927 632 214 162 6 433 391 846 615 21 778 913 256 619 471 12 964 748 869 546 874 64 568 989 290 708 575 791 868 289 613 284 857 565 716 95 116 386 455 392 674 708 338 884 239 531 559 899 256 734 376 788 47 78 264 104 836 967 400 157 75 97 617 334 151 659 829 870 326 94 130 19 452 350
138 160 598 964 738 889 536 317 387 621 710 553 711 321 676 795 935 317 477 935 557 399 857 956 166 433 920 588 788 800 672 501 283 76 154 887 363 753 314 320 395 944 667 119 79 424 988 579 512 786 273 922 249 361 174 499 89 414 55 735 202 792 413 969 485 968 283 453 601 616 343 227 305 869 944 117 85 716 722 938 472 182 86 482 847 759 504 500 770 761 440 314 522 196 853 711 353 761 625 245
895 255 234 322 168 466 917 431 465 519 738 649 642 943 875 574 993 919 380 472 162 659 585 439 915 226 742 110 685 16 750 652 493 531 533 280 359 545 37 388 986 379 357 564 267 140 65 361 462 879 49 139 189 174 590 985 278 595 821 791 309 626 228 749 554 91 557 891 824 991 169 43 328 369 329 463 213 697 834 321 781 253 359 742 270 430 68 571 885 579 176 298 366 692 834 551 838 368 836 482
986 43 42 359 804 35 262 172 850 930 425 864 543 660 451 696 212 686 14 889 114 888 354 477 240 519 948 269 519 442 158 277 223 39 461 522 980 201 31 675 501 936 439 166 962 521 17 915 886 662 755 200 340 273 968 623 161 572 593 278 77 967 732 343 473 330 412 743 421 919 565 241 653 547 86 507 987 322 99 630 878 237 982 470 836 687 811 234 671 656 827 302 849 484 925 54 128 377 391 253
524 728 466 510 825 272 268 194 260 544 51 245 367 25 661 365 211 553 79 954 941 263 700 667 632 535 466 594 859 198 942 518 606 443 469 479 914 148 17 648 933 496 868 517 485 724 668 474 393 35 307 117 609 993 370 813 236 966 64 782 963 5 65 656 260 575 507 240 588 253 517 693 676 883 274 154 575 108 72 62 643 652 802 847 475 525 892 40 953 214 406 37 770 784 467 57 749 323 932 929
873 4 154 450 129 952 71 424 277 564 477 331 907 182 639 726 892 681 450 366 634 49 926 611 757 899 562 801 338 841 124 209 575 30 203 789 838 164 538 515 824 66 221 209 792 799 950 259 418 447 245 86 304 833 284 867 564 302 550 207 456 500 377 66 470 340 94 383 711 874 274 734 309 167 827 7 183 118 918 776 865 674 764 184 918 623 18 170 398 945 306 770 552 555 263 980 578 304 245 240
232 209 783 163 815 633 238 254 653 669 771 684 396 416 261 948 864 891 62 488 167 323 812 717 114 539 745 86 451 112 765 493 873 95 405 386 370 187 491 205 343 400 327 934 733 69 690 79 966 989 93 854 548 301 265 873 265 85 741 967 650 946 250 557 690 708 205 870 465 42 900 274 511 522 169 289 557 151 973 881 680 922 798 519 745 196 251 846 592 713 237 907 921 193 794 415 317 583 87 838
344 640 818 300 254 465 469 722 646 84 745 942 427 14 51 579 525 152 773 681 339 220 51 693 672 186 534 328 459 202 157 271 836 984 90 757 423 62 880 988 707 949 829 304 993 187 166 800 640 456 387 430 289 522 867 305 427 388 761 275 938 305 75 486 496 494 222 881 894 36 556 174 124 207 551 782 424 737 0 421 449 469 53 219 506 875 181 505 691 367 574 59 937 608 354 508 781 539 369 741
870 419 817 533 925 984 775 968 863 65 438 83 244 253 846 599 510 574 47 503 241 281 487 998 362 943 350 790 373 497 18 681 585 724 287 923 352 519 72 207 249 156 646 568 896 739 555 565 831 844 839 478 937 343 701 62 171 772 391 860 792 322 263 235 687 91 151 40 926 84 649 256 961 820 163 449 146 503 357 608 422 113 183 70 939 858 588 772 713 600 849 230 845 392 817 617 453 70 902 903
5 227 320 773 484 978 554 214 980 879 374 586 111 875 572 910 662 851 87 991 528 740 487 728 559 743 927 307 687 375 122 421 687 299 240 795 13 532 625 678 253 144 246 724 703 460 697 466 864 1 989 225 224 393 161 338 917 640 978 82 16 950 425 759 264 543 151 230 325 198 70 433 30 710 403 892 357 165 704 8 493 666 534 604 834 459 584 570 134 560 211 910 372 325 670 605 672 936 388 933
623 327 126 248 768 185 109 445 694 268 744 145 675 332 360 462 599 444 684 233 817 449 698 900 543 710 842 193 652 73 478 867 829 301 825 678 790 193 606 934 112 861 93 578 877 202 808 526 231 163 605 47 994 339 49 209 35 155 570 688 766 937 532 908 14 193 380 824 810 707 30 387 707 666 199 461 629 998 572 127 745 910 337 532 710 897 948 807 766 470 639 594 14 645 728 426 376 128 267 285
20 529 756 420 550 510 704 459 21 841 514 988 925 475 685 702 983 442 899 51 194 445 379 173 976 932 936 897 520 509 512 514 126 681 855 61 169 984 567 837 579 461 126 524 334 959 992 376 184 292 998 878 982 542 796 837 200 756 965 914 509 211 232 7 572 532 841 243 662 914 828 339 969 840 192 159 556 55 24 309 856 901 218 245 811 67 5 894 550 323 701 995 760 797 132 712 913 100 844 954
45 197 602 946 43 925 968 104 513 112 250 157 684 87 615 704 456 145 954 718 616 668 617 526 544 512 371 380 162 992 673 816 478 571 907 114 60 160 198 270 761 626 938 177 62 681 355 558 468 562 278 121 674 847 451 342 835 708 178 697 739 54 969 69 149 76 859 250 843 419 232 931 146 63 665 284 826 523 384 527 587 117 306 252 170 88 347 776 545 267 646 414 792 516 348 42 764 412 214 651
72 7 231 414 246 411 493 455 944 709 16 360 793 147 263 834 966 473 175 835 256 505 416 244 829 226 856 628 488 821 384 423 306 602 564 705 931 882 676 899 264 789 222 382 641 105 837 146 411 976 727 468 926 146 641 368 315 120 380 131 488 876 86 741 187 991 211 822 103 664 242 120 660 525 390 92 968 633 511 198 132 334 119 441 760 985 397 422 519 686 152 713 424 974 522 454 358 20 715 265
792 147 713 581 758 742 972 454 892 983 477 9 436 405 429 130 795 632 985 145 7 197 158 552 907 883 796 811 229 128 696 972 889 618 74 59 805 237 582 637 251 681 435 719 153 336 199 575 879 833 601 214 923 229 512 469 540 664 281 941 95 816 134 910 38 716 20 914 894 947 492 878 939 563 42 559 563 550 462 262 456 323 549 696 893 287 692 678 578 15 542 482 684 264 355 759 399 778 962 425
750 617 184 540 648 92 961 388 761 223 640 409 277 407 232 869 482 174 346 827 100 912 895 164 514 461 158 120 65 824 591 447 213 479 934 987 425 717 255 249 211 530 934 903 825 389 829 184 310 662 374 52 318 804 833 980 133 778 739 978 744 103 664 991 61 866 373 739 145 266 669 366 605 862 622 381 958 764 129 449 351 90 295 602 164 180 126 460 324 944 924 544 257 761 817 24 331 596 295 886
213 920 717 992 744 625 921 580 263 94 183 817 771 279 875 26 77 655 225 741 126 212 575 244 370 974 356 345 413 661 674 131 352 76 743 278 712 852 330 162 341 702 678 855 928 698 473 231 921 833 21 541 982 864 20 192 610 356 820 238 572 404 964 880 730 625 689 949 441 191 725 848 295 851 813 458 916 6 549 474 730 138 538 558 178 620 621 791 876 272 298 326 826 479 917 53 567 419 105 852
763 396 518 422 678 446 567 282 248 814 209 0 738 937 63 699 553 112 985 383 473 290 130 541 472 457 256 911 908 731 705 730 18 450 62 874 965 743 945 789 362 921 91 339 425 436 143 363 182 987 228 705 218 239 722 1 708 576 932 484 741 662 50 753 643 588 198 195 209 967 460 696 247 862 220 816 271 834 203 900 323 547 583 784 218 191 797 762 784 596 21 155 609 302 762 773 442 147 715 649
421 292 102 639 337 657 247 448 75 668 998 519 896 469 798 174 804 912 953 432 776 166 993 571 328 632 223 797 562 815 115 844 40 844 852 211 414 480 528 633 192 299 547 136 609 687 370 764 627 173 959 395 95 856 850 697 116 400 997 529 308 977 819 587 262 521 86 892 215 294 83 255 862 610 200 681 425 214 404 583 577 75 338 61 811 992 630 849 778 944 427 964 763 334 547 629 723 46 319 731
520 64 675 982 530 791 247 898 537 713 769 158 950 555 654 98 158 635 502 233 399 971 873 915 613 528 562 906 828 746 878 607 543 701 414 243 776 510 507 134 363 224 14 975 762 221 643 695 365 968 158 648 511 939 664 583 57 480 298 315 707 612 407 904 995 564 937 615 811 240 690 501 458 134 992 700 871 483 686 371 771 688 451 542 100 982 980 707 65 841 697 34 614 872 180 66 447 250 858 187
217 100 63 266 26 113 949 50 548 639 32 763 797 811 87 292 462 509 350 881 19 340 785 629 304 762 714 186 193 317 543 630 215 799 485 371 535 71 583 739 202 264 911 955 985 845 878 74 284 217 669 623 437 459 545 263 89 785 303 575 700 502 439 595 727 668 988 313 956 473 57 466 901 146 412 122 254 884 220 612 563 370 987 932 62 515 842 905 265 643 692 591 294 654 710 739 275 9 30 199
365 223 799 537 335 785 658 228 258 511 812 305 296 631 222 872 58 772 294 419 597 116 303 71 194 304 416 95 956 724 946 969 219 205 134 319 43 396 29 967 420 705 177 734 491 971 623 813 538 441 298 226 472 956 1 101 607 940 120 78 494 417 158 496 443 951 53 482 52 147 54 686 493 567 850 424 836 701 531 280 611 557 466 651 863 956 810 362 255 662 419 697 272 14 345 715 131 20 806 494
700 941 664 679 707 207 3 378 933 786 831 572 692 466 98 640 804 830 461 156 35 63 432 805 815 485 711 562 736 720 782 347 782 113 451 897 510 209 516 762 220 673 293 177 140 727 841 477 462 26 475 844 176 239 371 280 131 487 388 160 953 400 228 521 612 653 918 767 135 20 970 270 924 641 279 470 365 631 837 171 220 589 535 741 672 208 851 344 327 560 176 713 968 736 723 876 687 811 57 604
645 616 381 251 25 114 688 125 962 266 935 736 270 62 82 253 519 228 783 144 465 442 636 105 395 415 71 432 674 353 70 353 6 281 40 359 760 854 2 83 899 299 939 160 432 313 557 785 274 977 350 918 584 861 509 446 582 570 227 95 542 619 250 3 703 753 214 233 612 758 180 91 201 261 749 948 939 458 583 12 571 334 709 346 496 894 732 348 744 774 403 542 255 522 184 180 515 210 636 350
440 775 730 979 169 783 595 660 946 101 436 660 34 838 369 658 388 520 915 108 670 371 51 464 113 273 839 270 877 478 718 159 91 384 768 744 460 41 947 367 842 539 410 403 376 80 348 643 172 156 240 111 175 686 605 872 591 7 911 678 365 178 84 607 621 602 170 804 963 110 696 468 711 120 534 590 455 953 399 295 185 888 682 208 148 363 716 507 451 20 622 966 97 133 866 825 679 626 170 309
438 743 172 221 748 398 130 474 33 954 491 741 431 637 287 499 400 324 805 487 519 625 812 622 806 257 52 891 995 950 455 604 273 155 56 197 116 26 720 287 540 61 242 366 845 521 750 357 590 709 409 512 289 347 129 401 61 960 729 440 41 639 828 968 513 966 387 216 865 673 550 639 917 980 63 334 305 475 707 696 292 911 975 813 769 227 260 2 891 7 30 648 895 89 552 844 82 976 215 922
726 22 874 536 760 816 877 555 600 172 206 109 899 708 125 962 963 337 624 466 76 252 729 281 519 735 73 808 259 136 56 349 273 497 590 391 27 972 911 15 288 315 686 923 771 365 919 619 398 447 746 419 731 34 181 318 679 57 955 448 98 706 765 454 964 717 331 98 510 381 238 701 891 170 66 208 398 578 143 473 608 475 315 517 275 629 778 605 260 189 245 478 283 651 162 649 871 127 576 817
